0000000000000000000000000000000000000000
1111111011100000000000000000000000000000
1111111100110100000000000000000000000000
1111111100101100000000000000000000000000
1111111101010100000000000000000000000000
1111111101011100000000000000000000000000
1111111111110101000010000010000000000000
1111111100111000000000000000000000000000
1111111110000000000000000000000000000000
0000000000000000000000000000000000000000
0000000000000000000000000000000000000000
1111111011101000000011000000000000000000
1111111000110000000000001110001000000000
0000000000000000000000000000000000000000
0000000000000000000000000000000000000000
0000000000000000000000000000000000000000
0000000000000000000000000000000000000000
0000000000000000000000000000000000000000
0000000000000000000000000000000000000000
1111111111101000000001110010000000001000
0000000000000000000001101010000000000000
1111111111100000000000001100000000000000
1111111110000000000001110000000000000000
0000000000000000000000000000000000000000
1111111100000000000000000000000000000000
1111111011000000001000100000000000100111
0000000000000000000000000000000000000000
1111111011101000000111100000000000000000
1111111111101000000000010010000000000000
1111111111011000000000010000001100000000
0000000000000111110001100000000000000000
1111111100001000000000000000000000000000
1111111111110100000000000010000000000000
1111111111011000000001110000001000000000
0000000000011101000111110010000000000000
0000000000001101000010000010001000000000
0000000000000000000010011010000000000000
1111111111100101000110000010001000000000
0000000000000000000010001010000000000000
0000000000010000000000001110101000000000
0000000000100000000000001111001000000000
0000000000010000000000001100000000000000
0000000000000000000000000000000000000000
0000000000000000000000000000000000000000
1111111111101100000000010010000100000000
0000000000000100000000001010000100000000
0000000000000000000000000000000000000000
1111111111100101000010000010001001000000
0000000000101000000000001110001000000000
0000000000100000000000001100000000000000
0000000000000000000000000000000000000000
0000000000101111111111110010000000000000
1111111111100101000010000010001000000000
0000000000110000000000001110001000000000
0000000000110000000010100010000000000000
0000000000000000000000001110001000000000
1111110110100101000010000010000000000000
0000000001000000000000001110001000000000
1111110110101101000010000010000000000000
0000000001001000000000001110001000000000
1111110100100101000010000010000000000000
0000000001010000000000001110001000000000
1111110100101101000010000010000000000000
0000000001011000000000001110001000000000
1111110100110101000010000010000000000000
0000000001100000000000001110001000000000
1111110100111101000010000010000000000000
0000000001101000000000001110001000000000
1111110101000101000010000010000000000000
0000000001110000000000001110001000000000
1111110101001101000010000010000000000000
0000000001111000000000001110001000000000
1111110101010101000010000010000000000000
0000000010000000000000001110001000000000
1111110101011101000010000010000000000000
0000000010001000000000001110001000000000
1111111111101000000010110010000000000000
0000000010010000000000001110001000000000
1111111111101000000011000010000000000000
0000000010011000000000001110001000000000
0000000010111101000111110010000000000000
0000000010101101000010000010001000000000
0000000000000000000011101010000000000000
1111111111100101000110000010001000000000
0000000000000000000011011010000000000000
0000000010110000000000001110101000000000
0000000011000000000000001111001000000000
0000000010110000000000001100000000000000
0000000000000000000000000000000000000000
0000000000000000000000000000000000000000
1111111111101100000000010010000100000000
0000000000000100000000001010000100000000
0000000000000000000000000000000000000000
1111111111100101000010000010001001000000
0000000000101000000000001110001000000000
0000000011000000000000001100000000000000
0000000000000000000000000000000000000000
0000000000101111111111110010000000000000
1111111111100101000010000010001000000000
0000000000110000000000001110001000000000
0000000000110000000011110010000000000000
0000000010100000000000001110001000000000
1111111111101000000100000010000000000000
0000000011011101000010000010001001000000
0000000011111000000000001110001000000000
0000000011101101000010000010000000000000
0000000011011101000010000011010000000000
0000000011111000000100010010001000000000
0000000011100000000000001110001000000000
0000000011100000000000001100000000000000
0000000011110000000000001111001000000000
0000000000000111111111110010000000000000
0000000011001000000000001110001000000000
0000000010100111111111110010000000000000
0000000011010000000000001110001000000000
1111111111101000000100100010000000000000
0000000100010101000010000010001001000000
0000000100110000000000001110001000000000
0000000100100101000010000010000000000000
0000000100010101000010000011010000000000
0000000100110000000100110010001000000000
0000000100011000000000001110001000000000
0000000100011000000000001100000000000000
0000000100101000000000001111001000000000
0000000001000111111111110010000000000000
0000000100000000000000001110001000000000
0000000001001111111111110010000000000000
0000000100001000000000001110001000000000
0000000001000101000010000010000000000000
0000000100111000000000001110001000000000
1111111111011000000101000000001000000000
1111111111011000000101010001001000000000
0000000001001101000010000010000000000000
0000000101000000000000001110001000000000
1111111111011000000101100000001000000000
1111111111011000000101110001001000000000
0000000010001101000010000010000000000000
0000000101001000000000001110001000000000
1111111111011000000110000000001000000000
1111111111011000000110010001001000000000
0000000001010101000010000010000000000000
0000000101010000000000001110001000000000
1111111111011000000110100000001000000000
1111111111011000000110110001001000000000
0000000001100101000010000010000000000000
0000000101011000000000001110001000000000
1111111111011000000111000000001000000000
1111111111011000000111010001001000000000
0000000001110101000010000010000000000000
0000000101100000000000001110001000000000
1111111111011000000111100000001000000000
1111111111011000000111110001001000000000
0000000010000101000010000010000000000000
0000000101101000000000001110001000000000
1111111111011000001000000000001000000000
1111111111011000001000010001001000000000
0000000001011101000010000010000000000000
0000000101110000000000001110001000000000
1111111111011000001000100000001000000000
1111111111011000001000110001001000000000
0000000001101101000010000010000000000000
0000000101111000000000001110001000000000
1111111111011000001001000000001000000000
1111111111011000001001010001001000000000
0000000001111101000010000010000000000000
0000000110000000000000001110001000000000
1111111111011000001001100000001000000000
1111111111011000001001110001001000000000
0000000011001000000000001100000000000000
0000000011001101000010000010000000000000
0000000110111000000000001110001000000000
1111111111011000001011010000001000000000
1111111111011000001011100001001000000000
0000000011001111111111110010000000000000
0000000110101000000000001110001000000000
0000000110110000000000001111001000000000
0000000110011101000010000010000000000000
0000000110011000001010000010001001000000
0000000110110000001010000010001000000000
0000000110001101000010000011010000000000
0000000110001000001010000010001001000000
0000000110101000001010000010001000000000
0000000110010000000000001110001000000000
0000000110100000000000001111001000000000
1111111111011000001010110000001000000000
1111111111011000001011000001001000000000
0000000110111000001011110010000000000000
0000000100000000001100000010001000000000
0000000010010000001100010010001000000000
0000000111000000000000001110001000000000
0000000011010000001011110010000000000000
0000000100001000001100000010001000000000
0000000010011000001100010010001000000000
0000000111001000000000001110001000000000
0000000001000000001100100010000000000000
0000000001010000001100110010001000000000
0000000001110000001101000010001000000000
0000000001011000001101010010001000000000
0000000001111000001101100010001000000000
0000000110111000001101110010001000000000
0000000111010000000000001110001000000000
0000000001001000001100100010000000000000
0000000001100000001100110010001000000000
0000000010000000001101000010001000000000
0000000001101000001101010010001000000000
0000000010001000001101100010001000000000
0000000011010000001101110010001000000000
0000000111011000000000001110001000000000
0000000110111000001110000010000000000000
0000000111100000000000001110001000000000
0000000110111000001110010010000000000000
0000000111101000000000001110001000000000
0000000110111000001110100010000000000000
0000000111110000000000001110001000000000
0000000110111000001110110010000000000000
0000000111111000000000001110001000000000
0000000110111000001111000010000000000000
0000001000000000000000001110001000000000
0000000110111000001111010010000000000000
0000001000001000000000001110001000000000
0000000111000000001111100010000000000000
0000001000010000000000001110001000000000
0000000111001000001111110010000000000000
0000001000011000000000001110001000000000
1111111111101000010000000010000000000000
0000001000110101000010000010001001000000
0000001001010000000000001110001000000000
0000001001000101000010000010000000000000
0000001000110101000010000011010000000000
0000001001010000010000010010001000000000
0000001000111000000000001110001000000000
0000001000111000000000001100000000000000
0000001001001000000000001111001000000000
0000000111010111111111110010000000000000
0000001000100000000000001110001000000000
0000000111011111111111110010000000000000
0000001000101000000000001110001000000000
0000000111100101000010000010000000000000
1111110110000000000000001110001000000000
0000000111101101000010000010000000000000
1111110110010000000000001110001000000000
0000000111110101000010000010000000000000
1111110101101000000000001110001000000000
0000000111111101000010000010000000000000
1111110101111000000000001110001000000000
0000001000000101000010000010000000000000
1111110110001000000000001110001000000000
0000001000001101000010000010000000000000
1111110110011000000000001110001000000000
0000001000101000010000100010000000000000
0000001001011000000000001110001000000000
0000001000010101000010000010000000000000
1111110101100000000000001110001000000000
0000001000011101000010000010000000000000
1111110101110000000000001110001000000000
0000001000100000010000110010000000000000
0000001001100000000000001110001000000000
0000001000100000010000110010000000000000
0000001001101000000000001110001000000000
0000001001011101000010000010000000000000
1111110110111000000000001110001000000000
0000001001100000010001000010000000000000
0000001001110000000000001110001000000000
0000001001101000000000001100000000000000
0000000000000000000000000000000000000000
0000001001101111111111110010000000000000
0000000110101000000000001110001000000000
0000000110110000000000001111001000000000
0000001010001101000010000010000000000000
0000001010001000010001010010001001000000
0000000110110000010001010010001000000000
0000001001111101000010000011010000000000
0000001001111000010001010010001001000000
0000000110101000010001011000001000000000
0000000110101000010001010010001000000000
0000001010000000000000001110001000000000
0000001010010000000000001111001000000000
0000001010111000000000001111011000000000
0000001010101101000010000010000000001000
0000001010110000000000001110001000000000
0000001010011101000010000010000000000000
1111111111101000010001110010001001100111
0000001010100000000000001110001000000000
0000001010111101000010000010001001001000
0000001010111101000010000010000000000000
0000001010100000000000001110001000100111
1111111111101000010001100010000000000000
0000001010110000000000001110001000100111
0000001010110101000010000010000000001000
1111111111111101000010000010001001000000
0000001010110000000000001110001000100110
0000001010100101000010000010000000000000
1111111111011000010010000000001000000000
0000001001101101000010000010000000000000
0000001011000000000000001110001000000000
0000001001110101000010000010000000000000
1111110110110000000000001110001000000000
0000000000000000000000000000000000000000
1111111000110000000000000000000000000000
0000000000000000000000000000000000000000
1111111011000000000011110000000000000000
0000000000000000000000000000000000000000
